200
0.74451 0.20381
0.51973 0.14268
0.15699 0.5119
0.37606 0.58046
0.8178 0.43213
0.38473 0.68348
0.63253 0.09402
0.95318 0.00367
0.94762 0.68002
0.07075 0.95472
0.22428 0.26042
0.3947 0.85112
0.1578 0.32424
0.66854 0.03086
0.07948 0.90358
0.81933 0.69715
0.17867 0.63671
0.06932 0.20965
0.64918 0.1893
0.74958 0.06447
0.43831 0.98623
0.11826 0.34266
0.41588 0.07591
0.22242 0.94592
0.46246 0.18344
0.35889 0.43144
0.10359 0.88238
0.2727 0.1012
0.7692 0.80108
0.99985 0.16404
0.33759 0.34652
0.44313 0.6615
0.00825 0.0209
0.57319 0.87236
0.24743 0.40447
0.1014 0.74912
0.19832 0.18521
0.07301 0.36363
0.54962 0.41195
0.89842 0.12522
0.43959 0.51726
0.56511 0.30653
0.52488 0.56205
0.50032 0.30678
0.96377 0.45076
0.19599 0.03659
0.40529 0.01262
0.09782 0.74881
0.23431 0.39709
0.0581 0.90598
0.42332 0.87817
0.66038 0.115
0.03467 0.23049
0.01266 0.86928
0.39154 0.73451
0.13977 0.96124
0.63219 0.74635
0.61207 0.41132
0.0533 0.32501
0.48876 0.64937
0.69882 0.51485
0.46065 0.67626
0.0842 0.71423
0.55899 0.5609
0.2572 0.47763
0.64412 0.62386
0.33354 0.45537
0.19824 0.44111
0.35022 0.14972
0.06795 0.68259
0.28391 0.72866
0.67 0.13885
0.55916 0.27119
0.00773 0.29251
0.85458 0.66125
0.80175 0.049
0.86065 0.91874
0.8729 0.66837
0.20608 0.2219
0.1949 0.57157
0.87388 0.05547
0.81083 0.10783
0.36904 0.9301
0.94095 0.43259
0.57684 0.36964
0.72867 0.99123
0.44018 0.15438
0.48986 0.881
0.44134 0.90554
0.14078 0.68447
0.75194 0.91645
0.55799 0.13954
0.51155 0.11208
0.71014 0.11451
0.47337 0.74019
0.20729 0.53652
0.43506 0.74243
0.2478 0.88543
0.95112 0.31899
0.95841 0.40506
0.91647 0.49901
0.04464 0.45665
0.866 0.83726
0.50567 0.24909
0.59296 0.23101
0.4767 0.88905
0.10716 0.26082
0.8059 0.0618
0.90576 0.87546
0.403 0.69177
0.11568 0.36766
0.55746 0.92048
0.02598 0.91415
0.63429 0.3107
0.86677 0.26083
0.12701 0.76761
0.79853 0.97762
0.28407 0.03584
0.71984 0.85432
0.56565 0.93
0.9201 0.00361
0.26277 0.02787
0.81466 0.04249
0.36909 0.49329
0.67675 0.40318
0.94583 0.80687
0.22963 0.6939
0.80721 0.42979
0.35736 0.68194
0.68011 0.06875
0.04516 0.52747
0.45436 0.75964
0.3369 0.49568
0.76612 0.44935
0.58832 0.96597
0.02339 0.26565
0.05169 0.4851
0.54965 0.67436
0.51019 0.29614
0.6111 0.96835
0.06543 0.30022
0.81575 0.44641
0.58376 0.54081
0.52229 0.12327
0.67027 0.48515
0.17787 0.58833
0.84971 0.31374
0.21835 0.54197
0.82267 0.57168
0.34017 0.30158
0.0611 0.27987
0.46902 0.28078
0.92976 0.92084
0.54769 0.30841
0.0734 0.34431
0.08292 0.18999
0.81811 0.42851
0.97648 0.76317
0.37653 0.94478
0.47472 0.46944
0.84586 0.75769
0.92576 0.81162
0.04116 0.18087
0.95133 0.85612
0.84643 0.38019
0.12478 0.62837
0.18873 0.15241
0.52614 0.22554
0.37239 0.00248
0.04715 0.75065
0.31442 0.52824
0.85178 0.31977
0.04704 0.3531
0.86734 0.41758
0.18343 0.68661
0.65068 0.61509
0.87646 0.7999
0.66669 0.66288
0.55953 0.87028
0.27182 0.76475
0.06041 0.33203
0.91114 0.52569
0.88015 0.26776
0.98209 0.3404
0.46182 0.28902
0.32828 0.18502
0.31447 0.25348
0.03915 0.24353
0.69219 0.82826
0.74276 0.60764
0.08872 0.93849
0.84286 0.81419
0.68087 0.75824
0.04953 0.90773
0.45132 0.5909
0.48099 0.36761
0.70014 0.11705
0.4013 0.58018
0.27787 0.60922
0.76711 0.54294